,0,1,2,3,4,5,6,7,8,9,10,11,12,13,14
US,6.294176087554452,5.414810873902723,4.66528649463809,4.025478311764533,3.478519133951574,3.010250842036879,2.6087717055325608,2.264062130098345,1.9676747863103325,1.7124776659256518,1.4924407140448983,1.302458390564466,1.1382018992149792,0.9959959490615057,0.8727158311291587
EU,4.129562764400998,3.5526176977089317,3.0608602500991977,2.6410867941931873,2.2822308894767724,1.975003497814789,1.7115959811311758,1.4854345570711915,1.29097699475945,1.1235440358997937,0.979179405702086,0.8545333967525641,0.7467659175698288,0.6534656367290653,0.5725824555910258
JAP,4.487835348982304,3.860835685230449,3.326414347568955,2.8702221883845875,2.480232664975332,2.14635084088438,1.8600906162545612,1.6143078805561974,1.402979570076783,1.221020463453528,1.0641310474288732,0.9286710006908817,0.811553831116357,0.7101590050014207,0.62225856125987
RUS,11.922394251962018,10.256705427439433,8.836960408116004,7.625039213706941,6.588992101757013,5.702000839637905,4.941521233926469,4.288574223295571,3.727158922106332,3.2437659189763957,2.826973116577754,2.4671096285008645,2.155975872299668,1.8866101317928248,1.6530936001654282
EUR,14.922664614754808,12.837805218597433,11.060781383108553,9.543880235446595,8.247111880871353,7.136909278852611,6.185054989977273,5.367793872375147,4.665098417738603,4.060059571481689,3.5383808656281936,3.087957735325864,2.698527173309742,2.36137554760946,2.0690945837499597
CHI,14.090133899538397,12.121588146354165,10.443703905764,9.011430190935114,7.787008130642803,6.738743378877689,5.839992738201724,5.068326358558335,4.4048340599619955,3.8335501386070283,3.3409757219210285,2.9156815548770325,2.5479772001229732,2.229635156446206,1.9536604546496816
IND,7.7934551434694015,6.704624254090053,5.7765624160544276,4.984351282414676,4.30710587995082,3.7272956113181595,3.2301837418914268,2.803363999910749,2.4363768936123926,2.120391563237988,1.8479415887640966,1.6127052853145496,1.4093227330076477,1.233243182922141,1.0805976172718375
MEST,7.954828274388846,6.843451794327785,5.896173287724284,5.087558442427602,4.396289836008055,3.804473878413818,3.2970686926967065,2.8614111198908434,2.486825091514895,2.1642968939335288,1.8862055056591596,1.6460983435089782,1.438504503828766,1.2587790088106072,1.1029727278682422
AFR,6.90887552950038,5.9436300833004685,5.120905937894903,4.418613050511336,3.818236952565871,3.3042368200231236,2.863548580098563,2.485174108623099,2.159841096284985,1.8797210113526723,1.638194893988286,1.429658588763694,1.2493605421472402,1.0932665283322536,0.9579466741990268
LAM,4.246153954687663,3.652919824021192,3.147278440164404,2.715653393746988,2.346665802104063,2.030764366886833,1.7599199863867059,1.5273732786702072,1.327425537387071,1.155265393331212,1.0068248730138183,0.8786596957220241,0.7678495848155568,0.6719151290226462,0.5887483486512084
OHI,6.62107473738255,5.696038208367249,4.90758601644111,4.234548316594888,3.6591818914709298,3.166593296111451,2.744262663584179,2.381650015019379,2.069869294693647,1.8014180814883465,1.5699531394335755,1.3701037635902837,1.1973163343546103,1.047724678358777,0.9180417995976667
OTH,6.5239213818753825,5.612458238801964,4.8355752828595415,4.172413301611345,3.6054894301609393,3.1201287603002528,2.703995133502554,2.3467032277106012,2.039497375418161,1.7749852411671596,1.5469166655173663,1.3499997497699507,1.1797476911811189,1.032351046103047,0.9045710497776742
