(run1: eta=1.0000001; rho=0.0050000)
saving_rate,0.332787992300,0.317532682732,0.308808785556,0.302476686889,0.300053449544,0.298078085003,0.296517369836,0.295153733241,0.293904934834,0.292664441644,0.291310919270,0.289695224331,0.287595209645,0.284547134878,0.279726346101,0.271536225142,0.256665268567,0.227999874073,0.167647755574,0.016720570970,-0.000000009890
co2_emission_control,0.030000000000,0.109503184737,0.411829504949,0.617497209772,0.662757197912,0.706723081635,0.749371536065,0.790270495853,0.828840489947,0.864345837829,0.895718869497,0.921769894402,0.941055751881,0.951626305419,0.950734192607,0.934415093092,0.896301743693,0.827870092981,0.718544600822,0.549596523394,0.000581151123
ch4_emission_control,0.029859,0.107642,0.386313,0.561321,0.598340,0.633801,0.667734,0.699851,0.729763,0.756981,0.780779,0.800363,0.814759,0.822612,0.821950,0.809812,0.781219,0.729015,0.643252,0.504788,0.000581
carbon_price,2.012596,15.575791,126.450297,235.717885,257.364284,278.089511,297.787108,316.108540,332.623669,346.820135,358.000476,365.434456,368.300784,365.568692,355.895003,337.517019,307.867133,264.350823,205.481033,130.473031,0.002205
capital,223.000000,305.030479,384.113849,462.558003,541.299409,626.938249,719.902862,820.824145,929.988760,1047.646062,1173.900767,1308.642993,1451.465634,1601.454026,1756.264344,1910.823441,2054.352081,2163.329392,2186.208445,1999.825881,1253.441200
gross_output,105.177422,130.318200,156.324016,183.773722,212.898548,244.535866,278.771005,315.710831,355.420721,397.960923,443.374402,491.679176,542.859290,596.841463,653.392234,711.971327,771.384618,828.913284,878.148102,901.316492,824.525401
growth,0.000000,4.780642,3.991126,3.511899,3.169640,2.972056,2.800010,2.650191,2.515586,2.393794,2.282308,2.178961,2.081850,1.988809,1.895001,1.793076,1.668980,1.491569,1.187937,0.527665,-1.703976
land_co2_emissions,2.600000,2.301000,2.036385,1.802201,1.594948,1.411529,1.249203,1.105545,0.978407,0.865890,0.766313,0.678187,0.600195,0.531173,0.470088,0.416028,0.368185,0.325843,0.288371,0.255209,0.225860
industrial_co2_emissions,35.740385,37.678710,27.678710,19.627145,18.601149,17.246157,15.601230,13.734076,11.725291,9.672569,7.703558,5.961765,4.615393,3.876724,4.025205,5.439525,8.683938,14.440166,23.327523,35.744245,67.711895
co2_emissions,38.340385,39.979710,29.715095,21.429346,20.196096,18.657686,16.850433,14.839620,12.703698,10.538459,8.469870,6.639952,5.215588,4.407897,4.495293,5.855553,9.052122,14.766010,23.615895,35.999454,67.937755
co2_reservoir,854.033000,878.204181,906.943769,924.294306,933.716324,943.379630,952.157874,959.528901,965.268597,969.259687,971.503213,972.139419,971.448025,969.865676,968.045794,966.914507,967.768412,972.485399,983.611900,1004.285739,1038.069259
land_ch4_emissions,231.070000,240.130000,248.540000,254.690000,260.840000,267.310000,273.460000,278.640000,284.790000,288.350000,294.170000,295.470000,297.410000,297.730000,297.090000,296.120000,295.150000,294.170000,291.260000,290.290000,288.030000
industrial_ch4_emissions,361.942638,382.314038,292.419775,227.922155,224.322473,218.046712,209.426756,199.019011,187.449462,175.455371,163.977594,154.048903,146.866336,143.945241,147.299502,159.719480,185.511879,230.185599,299.390590,397.935885,685.618392
ch4_emissions,593.012638,622.444038,540.959775,482.612155,485.162473,485.356712,482.886756,477.659011,472.239462,463.805371,458.147594,449.518903,444.276336,441.675241,444.389502,455.839480,480.661879,524.355599,590.650590,688.225885,973.648392
ch4_reservoir,5089.000000,5190.605060,5359.073906,5158.235488,4824.597005,4636.986245,4526.919852,4452.823501,4389.803025,4332.615827,4267.762756,4208.615420,4141.887693,4083.163686,4038.901176,4022.768260,4055.441859,4166.220477,4392.671282,4770.724373,5353.583473
ch4_forcings,0.548391,0.563774,0.588953,0.558890,0.507624,0.478015,0.460365,0.448362,0.438074,0.428675,0.417940,0.408078,0.396869,0.386930,0.379390,0.376632,0.382213,0.400967,0.438544,0.499181,0.588139
nonco2_forcings,0.578391,0.593774,0.668953,0.688890,0.687624,0.708015,0.695365,0.688362,0.678074,0.668675,0.662940,0.658078,0.646869,0.636930,0.629390,0.626632,0.647213,0.680967,0.720544,0.783181,0.874139
co2_forcings,1.982290,2.130516,2.301538,2.402181,2.456046,2.510729,2.559920,2.600876,2.632550,2.654464,2.666743,2.670220,2.666442,2.657784,2.647809,2.641598,2.646287,2.672110,2.732530,2.843001,3.018720
forcings,2.560681,2.724291,2.970491,3.091071,3.143670,3.218744,3.255285,3.289238,3.310625,3.323139,3.329683,3.328299,3.313311,3.294713,3.277199,3.268231,3.293499,3.353077,3.453074,3.626182,3.892859
t_atm,1.243000,1.478473,1.639625,1.735435,1.790534,1.846471,1.886981,1.923185,1.953276,1.978322,1.999681,2.016804,2.027227,2.034451,2.041095,2.050752,2.074689,2.115434,2.176185,2.271151,2.411976
t_ocean,0.324000,0.355645,0.394308,0.437189,0.481893,0.526955,0.572391,0.617658,0.662612,0.707055,0.750830,0.793832,0.835944,0.876965,0.916822,0.955535,0.993247,1.030486,1.067845,1.106009,1.146130
alpha,0.580551,0.673178,0.751294,0.811879,0.857878,0.903213,0.943108,0.981124,1.016240,1.048451,1.077938,1.104241,1.126225,1.145305,1.162788,1.180679,1.204666,1.237433,1.282887,1.351460,1.455303
cumulative_co2_emissions,597.000000,649.291850,703.819551,744.347504,773.574653,801.119792,826.566718,849.548759,869.788284,887.114659,901.487899,913.039822,922.095949,929.209407,935.221269,941.352329,949.338626,961.684674,981.823803,1014.033152,1063.132243
damage_frac,0.009464,0.013828,0.017289,0.019531,0.020882,0.022299,0.023355,0.024319,0.025135,0.025824,0.026420,0.026902,0.027198,0.027404,0.027594,0.027871,0.028565,0.029765,0.031600,0.034579,0.039244
damages,0.995398,1.801999,2.702763,3.589243,4.445652,5.452922,6.510615,7.677708,8.933470,10.277141,11.713929,13.227255,14.764617,16.355703,18.029584,19.843499,22.034417,24.672521,27.749664,31.166765,32.357355
abatement_frac,0.000008,0.000213,0.006029,0.015631,0.016996,0.018177,0.019165,0.019929,0.020438,0.020658,0.020549,0.020081,0.019228,0.017966,0.016273,0.014130,0.011522,0.008519,0.005360,0.002428,0.000000
abatecost,0.000856,0.027757,0.942555,2.872610,3.618482,4.445033,5.342668,6.291853,7.263958,8.221049,9.111032,9.873238,10.437870,10.723035,10.632859,10.060493,8.887702,7.061311,4.706642,2.188748,0.000000
output,104.181168,128.488444,152.678698,177.311869,204.834413,234.637910,266.917722,301.741270,339.223293,379.462733,422.549440,468.578683,517.656803,569.762726,624.729791,682.067335,740.462499,797.179451,845.691795,867.960978,792.168046
income,14.072831,16.361513,18.473099,20.524642,22.818817,25.285503,27.948974,30.818480,33.907752,37.228366,40.790630,44.605087,48.683033,53.023604,57.612675,62.406942,67.289430,72.016979,76.009811,77.666568,70.613116
investment,34.670242,40.799280,47.148523,53.632707,61.461272,69.940419,79.145741,89.060062,99.699400,111.055249,123.093266,135.745007,148.875617,162.124351,174.753382,185.205989,190.051006,181.756814,141.778331,14.512803,-0.000008
consumption,69.510926,87.689164,105.530175,123.679163,143.373141,164.697491,187.771981,212.681208,239.523893,268.407484,299.456174,332.833676,368.781186,407.638374,449.976409,496.861346,550.411493,615.422637,703.913464,853.448175,792.168054
cpc,9.389562,11.166198,12.768444,14.316416,15.971953,17.748449,19.661618,21.722290,23.942097,26.332947,28.907874,31.683206,34.682026,37.935889,41.496892,45.461196,50.018571,55.597117,63.266937,76.367939,70.613117
utility,-9999997.754563,-9999997.581270,-9999997.447185,-9999997.332755,-9999997.223327,-9999997.117864,-9999997.015493,-9999996.915823,-9999996.818524,-9999996.723341,-9999996.630048,-9999996.538375,-9999996.447940,-9999996.358264,-9999996.268543,-9999996.177303,-9999996.081768,-9999995.976031,-9999995.846799,-9999995.658599,-9999995.736946
welfare,-1624207226169.231

co2_emissions_dual,-14.603726,-14.108685,-13.514602,-12.854033,-12.151401,-11.417287,-10.661082,-9.888725,-9.104656,-8.312603,-7.515095,-6.714607,-5.914819,-5.118297,-4.326674,-3.541061,-2.761064,-1.993285,-1.260612,-0.603344,0.000000
ch4_emissions_dual,-0.257622,-0.270070,-0.281635,-0.290617,-0.295792,-0.297681,-0.297373,-0.295251,-0.291533,-0.286343,-0.279432,-0.270723,-0.259861,-0.246331,-0.229267,-0.207441,-0.179136,-0.143260,-0.100568,-0.054033,-0.000000
consumption_dual,106.501218,87.350276,74.507725,64.814867,56.665749,49.737956,43.792402,38.661802,34.213319,30.340841,26.957562,23.990391,21.376258,19.061433,16.996518,15.132279,13.414782,11.771514,10.089681,8.152914,8.600194
scc,137.122609,161.518471,181.385218,198.319168,214.439914,229.548733,243.445877,255.775016,266.114294,273.973966,278.774932,279.887216,276.700272,268.515687,254.562256,234.006939,205.822372,169.331062,124.940576,74.003406,-0.000000
scch4,2418.954873,3091.805242,3779.947130,4483.797811,5219.936197,5984.991353,6790.504912,7636.750819,8521.037453,9437.524467,10365.609619,11284.650622,12156.539293,12922.974729,13489.058162,13708.470645,13353.637158,12170.006896,9967.410871,6627.410335,0.000000
